Date	Day	HighTemp 	LowTemp 	Precipitation	ManhattanBridge
7/1	Saturday	84.9	72	0.23	2,958	11,867
7/2	Sunday	87.1	73	0	3,776	13,995
7/3	Monday	87.1	71.1	0.45	4,199	16,067
7/4	Tuesday	82.9	70	0	4,084	13,925
7/5	Wednesday	84.9	71.1	0	6,770	23,110
7/6	Thursday	75	71.1	0	6,243	21,861
7/7	Friday	79	68	1.78	3,567	12,805
7/8	Saturday	82.9	70	0	4,807	17,258
7/9	Sunday	81	69.1	0	5,446	18,320
7/10	Monday	82.9	71.1	0	7,503	24,827
7/11	Tuesday	84	75	0	6,436	21,743
7/12	Wednesday	87.1	77	0	6,283	21,174
7/13	Thursday	89.1	77	0	5,150	18,290
7/14	Friday	69.1	64.9	0.35	2,182	8,210
7/15	Saturday	82.9	68	0	4,857	17,259
7/16	Sunday	84.9	70	0	5,190	17,539
7/17	Monday	84.9	73.9	0	7,316	23,837
7/18	Tuesday	87.1	75.9	0	7,732	25,038
7/19	Wednesday	91	77	0	6,710	22,847
7/20	Thursday	93	78.1	0.01	5,980	20,405
7/21	Friday	91	77	0	5,469	19,773
7/22	Saturday	91	78.1	0.57	3,745	14,422
7/23	Sunday	78.1	73	0.06	3,756	13,297
7/24	Monday	69.1	63	0.74	3,584	11,862
7/25	Tuesday	71.1	64	0	7,201	23,586
7/26	Wednesday	75.9	66	0	7,987	26,969
7/27	Thursday	77	66.9	0	6,624	23,129
7/28	Friday	84.9	73	0	6,135	21,741
7/29	Saturday	75.9	68	0	3,787	14,814
7/30	Sunday	81	64.9	0	5,282	18,696
7/31	Monday	88	66.9	0	7,404	24,284
